{
 "cells": [
  {
   "cell_type": "markdown",
   "id": "72f10106",
   "metadata": {},
   "source": [
    "# Linear Regression II: Homework"
   ]
  },
  {
   "cell_type": "markdown",
   "id": "80682d15",
   "metadata": {},
   "source": [
    "### Question 1:\n",
    "\n",
    "* Load the California Housing Dataset\n",
    "* Find the feature with highest correlation with the Median House Value\n",
    "* Predict the Median House Value with the highest correlated feature\n",
    "* How does the prediction of the this model (in terms of $R^2$) compare with the prediction of the model used in the exercise in class that used all the features instead of just the most correlated feature?"
   ]
  },
  {
   "cell_type": "code",
   "execution_count": 1,
   "id": "459e8d43-c388-477b-97f6-c731e842ddca",
   "metadata": {
    "tags": []
   },
   "outputs": [],
   "source": [
    "import pandas as pd\n",
    "import seaborn as sns\n",
    "import numpy as np\n",
    "import matplotlib.pyplot as plt\n",
    "\n",
    "from sklearn.datasets import fetch_california_housing\n",
    "california_housing = fetch_california_housing()"
   ]
  },
  {
   "cell_type": "code",
   "execution_count": 9,
   "id": "3704961d-7e81-4c8d-985b-334daaf77f7c",
   "metadata": {
    "tags": []
   },
   "outputs": [
    {
     "name": "stdout",
     "output_type": "stream",
     "text": [
      "[[   8.3252       41.            6.98412698 ...    2.55555556\n",
      "    37.88       -122.23      ]\n",
      " [   8.3014       21.            6.23813708 ...    2.10984183\n",
      "    37.86       -122.22      ]\n",
      " [   7.2574       52.            8.28813559 ...    2.80225989\n",
      "    37.85       -122.24      ]\n",
      " ...\n",
      " [   1.7          17.            5.20554273 ...    2.3256351\n",
      "    39.43       -121.22      ]\n",
      " [   1.8672       18.            5.32951289 ...    2.12320917\n",
      "    39.43       -121.32      ]\n",
      " [   2.3886       16.            5.25471698 ...    2.61698113\n",
      "    39.37       -121.24      ]]\n"
     ]
    }
   ],
   "source": [
    "print(california_housing.data)"
   ]
  },
  {
   "cell_type": "code",
   "execution_count": 7,
   "id": "09273643-99f0-4cba-bc55-d75c62e667b6",
   "metadata": {
    "tags": []
   },
   "outputs": [
    {
     "data": {
      "text/html": [
       "<div>\n",
       "<style scoped>\n",
       "    .dataframe tbody tr th:only-of-type {\n",
       "        vertical-align: middle;\n",
       "    }\n",
       "\n",
       "    .dataframe tbody tr th {\n",
       "        vertical-align: top;\n",
       "    }\n",
       "\n",
       "    .dataframe thead th {\n",
       "        text-align: right;\n",
       "    }\n",
       "</style>\n",
       "<table border=\"1\" class=\"dataframe\">\n",
       "  <thead>\n",
       "    <tr style=\"text-align: right;\">\n",
       "      <th></th>\n",
       "      <th>MedInc</th>\n",
       "      <th>HouseAge</th>\n",
       "      <th>AveRooms</th>\n",
       "      <th>AveBedrms</th>\n",
       "      <th>Population</th>\n",
       "      <th>AveOccup</th>\n",
       "      <th>Latitude</th>\n",
       "      <th>Longitude</th>\n",
       "    </tr>\n",
       "  </thead>\n",
       "  <tbody>\n",
       "    <tr>\n",
       "      <th>MedInc</th>\n",
       "      <td>1.000000</td>\n",
       "      <td>-0.119034</td>\n",
       "      <td>0.326895</td>\n",
       "      <td>-0.062040</td>\n",
       "      <td>0.004834</td>\n",
       "      <td>0.018766</td>\n",
       "      <td>-0.079809</td>\n",
       "      <td>-0.015176</td>\n",
       "    </tr>\n",
       "    <tr>\n",
       "      <th>HouseAge</th>\n",
       "      <td>-0.119034</td>\n",
       "      <td>1.000000</td>\n",
       "      <td>-0.153277</td>\n",
       "      <td>-0.077747</td>\n",
       "      <td>-0.296244</td>\n",
       "      <td>0.013191</td>\n",
       "      <td>0.011173</td>\n",
       "      <td>-0.108197</td>\n",
       "    </tr>\n",
       "    <tr>\n",
       "      <th>AveRooms</th>\n",
       "      <td>0.326895</td>\n",
       "      <td>-0.153277</td>\n",
       "      <td>1.000000</td>\n",
       "      <td>0.847621</td>\n",
       "      <td>-0.072213</td>\n",
       "      <td>-0.004852</td>\n",
       "      <td>0.106389</td>\n",
       "      <td>-0.027540</td>\n",
       "    </tr>\n",
       "    <tr>\n",
       "      <th>AveBedrms</th>\n",
       "      <td>-0.062040</td>\n",
       "      <td>-0.077747</td>\n",
       "      <td>0.847621</td>\n",
       "      <td>1.000000</td>\n",
       "      <td>-0.066197</td>\n",
       "      <td>-0.006181</td>\n",
       "      <td>0.069721</td>\n",
       "      <td>0.013344</td>\n",
       "    </tr>\n",
       "    <tr>\n",
       "      <th>Population</th>\n",
       "      <td>0.004834</td>\n",
       "      <td>-0.296244</td>\n",
       "      <td>-0.072213</td>\n",
       "      <td>-0.066197</td>\n",
       "      <td>1.000000</td>\n",
       "      <td>0.069863</td>\n",
       "      <td>-0.108785</td>\n",
       "      <td>0.099773</td>\n",
       "    </tr>\n",
       "    <tr>\n",
       "      <th>AveOccup</th>\n",
       "      <td>0.018766</td>\n",
       "      <td>0.013191</td>\n",
       "      <td>-0.004852</td>\n",
       "      <td>-0.006181</td>\n",
       "      <td>0.069863</td>\n",
       "      <td>1.000000</td>\n",
       "      <td>0.002366</td>\n",
       "      <td>0.002476</td>\n",
       "    </tr>\n",
       "    <tr>\n",
       "      <th>Latitude</th>\n",
       "      <td>-0.079809</td>\n",
       "      <td>0.011173</td>\n",
       "      <td>0.106389</td>\n",
       "      <td>0.069721</td>\n",
       "      <td>-0.108785</td>\n",
       "      <td>0.002366</td>\n",
       "      <td>1.000000</td>\n",
       "      <td>-0.924664</td>\n",
       "    </tr>\n",
       "    <tr>\n",
       "      <th>Longitude</th>\n",
       "      <td>-0.015176</td>\n",
       "      <td>-0.108197</td>\n",
       "      <td>-0.027540</td>\n",
       "      <td>0.013344</td>\n",
       "      <td>0.099773</td>\n",
       "      <td>0.002476</td>\n",
       "      <td>-0.924664</td>\n",
       "      <td>1.000000</td>\n",
       "    </tr>\n",
       "  </tbody>\n",
       "</table>\n",
       "</div>"
      ],
      "text/plain": [
       "              MedInc  HouseAge  AveRooms  AveBedrms  Population  AveOccup  \\\n",
       "MedInc      1.000000 -0.119034  0.326895  -0.062040    0.004834  0.018766   \n",
       "HouseAge   -0.119034  1.000000 -0.153277  -0.077747   -0.296244  0.013191   \n",
       "AveRooms    0.326895 -0.153277  1.000000   0.847621   -0.072213 -0.004852   \n",
       "AveBedrms  -0.062040 -0.077747  0.847621   1.000000   -0.066197 -0.006181   \n",
       "Population  0.004834 -0.296244 -0.072213  -0.066197    1.000000  0.069863   \n",
       "AveOccup    0.018766  0.013191 -0.004852  -0.006181    0.069863  1.000000   \n",
       "Latitude   -0.079809  0.011173  0.106389   0.069721   -0.108785  0.002366   \n",
       "Longitude  -0.015176 -0.108197 -0.027540   0.013344    0.099773  0.002476   \n",
       "\n",
       "            Latitude  Longitude  \n",
       "MedInc     -0.079809  -0.015176  \n",
       "HouseAge    0.011173  -0.108197  \n",
       "AveRooms    0.106389  -0.027540  \n",
       "AveBedrms   0.069721   0.013344  \n",
       "Population -0.108785   0.099773  \n",
       "AveOccup    0.002366   0.002476  \n",
       "Latitude    1.000000  -0.924664  \n",
       "Longitude  -0.924664   1.000000  "
      ]
     },
     "execution_count": 7,
     "metadata": {},
     "output_type": "execute_result"
    }
   ],
   "source": [
    "\n",
    "california = pd.DataFrame(california_housing.data, columns=california_housing.feature_names)\n",
    "\n",
    "california.corr()"
   ]
  },
  {
   "cell_type": "markdown",
   "id": "f6976ad0",
   "metadata": {},
   "source": [
    "### Question 2:\n",
    "\n",
    "* Load the California Housing Dataset\n",
    "* Find the feature with lowest correlation with the Median House Value\n",
    "* Predict the Median House Value with all the features *except* the one with lowest correlation\n",
    "* How does the prediction of the this model (in terms of $R^2$) compare with the prediction of the full model model used in the exercise in class?"
   ]
  }
 ],
 "metadata": {
  "kernelspec": {
   "display_name": "Python 3 (ipykernel)",
   "language": "python",
   "name": "python3"
  },
  "language_info": {
   "codemirror_mode": {
    "name": "ipython",
    "version": 3
   },
   "file_extension": ".py",
   "mimetype": "text/x-python",
   "name": "python",
   "nbconvert_exporter": "python",
   "pygments_lexer": "ipython3",
   "version": "3.11.5"
  }
 },
 "nbformat": 4,
 "nbformat_minor": 5
}
